1 8
SingleOrbitTest 0
1 00001U 00000ABC 00001.00000000  .00000000  00000-0  00000+0 0    04
2 00001  51.9000   0.0000 0000001   0.0000   0.0000 14.80000000    02
SingleOrbitTest 1
1 00002U 00000ABC 00001.00000000  .00000000  00000-0  00000+0 0    05
2 00002  51.9000   0.0000 0000001   0.0000  45.0000 14.80000000    02
SingleOrbitTest 2
1 00003U 00000ABC 00001.00000000  .00000000  00000-0  00000+0 0    06
2 00003  51.9000   0.0000 0000001   0.0000  90.0000 14.80000000    03
SingleOrbitTest 3
1 00004U 00000ABC 00001.00000000  .00000000  00000-0  00000+0 0    07
2 00004  51.9000   0.0000 0000001   0.0000 135.0000 14.80000000    04
SingleOrbitTest 4
1 00005U 00000ABC 00001.00000000  .00000000  00000-0  00000+0 0    08
2 00005  51.9000   0.0000 0000001   0.0000 180.0000 14.80000000    05
SingleOrbitTest 5
1 00006U 00000ABC 00001.00000000  .00000000  00000-0  00000+0 0    09
2 00006  51.9000   0.0000 0000001   0.0000 225.0000 14.80000000    06
SingleOrbitTest 6
1 00007U 00000ABC 00001.00000000  .00000000  00000-0  00000+0 0    00
2 00007  51.9000   0.0000 0000001   0.0000 270.0000 14.80000000    07
SingleOrbitTest 7
1 00008U 00000ABC 00001.00000000  .00000000  00000-0  00000+0 0    01
2 00008  51.9000   0.0000 0000001   0.0000 315.0000 14.80000000    08
